,num_trees,rf3_train,rf3_test,rf5_train,rf5_test,rf7_train,rf7_test,rf9_train,rf9_test
0,1.0,0.8912,0.8834,0.8904,0.8792,0.8884,0.8804,0.888,0.869
1,2.0,0.8912,0.8834,0.8882,0.8782,0.897,0.8686,0.8934,0.8544
2,4.0,0.8808,0.8752,0.8834,0.8774,0.9,0.8818,0.9176,0.872
3,8.0,0.8812,0.875,0.8874,0.8802,0.9006,0.8862,0.9202,0.8802
4,16.0,0.8816,0.8756,0.891,0.8804,0.9026,0.884,0.9226,0.8848
5,32.0,0.8808,0.8752,0.8836,0.8762,0.8996,0.8812,0.92,0.8876
6,64.0,0.8808,0.8752,0.8814,0.8752,0.8974,0.8804,0.9182,0.8868
7,128.0,0.8808,0.8752,0.8848,0.8752,0.8982,0.8804,0.9162,0.888
8,256.0,0.8808,0.8752,0.883,0.8752,0.897,0.8792,0.9158,0.8878
